17117320487113317910
14980037021412551639
7765705715194392410
7765705715194392410
5737754168159799580
13129067915326771952
4129472573236018767
13202776738647107906
13157690819175254042
5737754168159799580
4479729810818934263
10309183704297698918
2828402298912068195
4796133908291192231
4394822314070214256
8685459642781301326
17268139639168528891
2828402298912068195
14980037021412551639
7270464938101273322
14404456027977762601
7765705715194392410
8403585306428148079
17638876154670563575
13202776738647107906
2612478543098801352
14404456027977762601
2612478543098801352
3611517344401856963
4796133908291192231
17268139639168528891
4479729810818934263
5737754168159799580
7662636246402266344
7518757435493646986
3472436370362213951
5737754168159799580
4479729810818934263
4821002852096289822
7765705715194392410
14980037021412551639
8061479136641751246
1273626723914385826
8685459642781301326
10146666122533090402
1273626723914385826
13129067915326771952
1273626723914385826
8061479136641751246
2090502311894018406
7270464938101273322
13202776738647107906
13157690819175254042
4796133908291192231
4821002852096289822
8685459642781301326
4796133908291192231
7907671344969911053
9188312211630886262
10309183704297698918
5871151228138364405
9188312211630886262
4479729810818934263
14980037021412551639
15231648765568106577
17117320487113317910
13157690819175254042
7518757435493646986
17638876154670563575
17593949954831149870
13202776738647107906
7518757435493646986
14980037021412551639
4394822314070214256
10146666122533090402
4935320432298330918
17593949954831149870
9013665152719851731
7662636246402266344
822234135455664908
5871151228138364405
9188312211630886262
7518757435493646986
14404456027977762601
9013665152719851731
8403585306428148079
7748150878024769038
14532097348559370158
8908741730749871084
5871151228138364405
7270464938101273322
3472436370362213951
4935320432298330918
4479729810818934263
10309183704297698918
14404456027977762601
7765705715194392410
4821002852096289822
6365694214017658521
2090502311894018406
7765705715194392410
4129472573236018767
9188312211630886262
9188312211630886262
4821002852096289822
7274797018606440917
4394822314070214256
7765705715194392410
10146666122533090402
4394822314070214256
7274797018606440917
5737754168159799580
7907671344969911053
3472436370362213951
8685459642781301326
4129472573236018767
8908741730749871084
13202776738647107906
7748150878024769038
2612478543098801352
2612478543098801352
11016851214644420891
2469546129836625355
5952320234579092515
16603321228247796951
3611517344401856963
17593949954831149870
13157690819175254042
10146666122533090402
7748150878024769038
8908741730749871084
2469546129836625355
14238046600043101838
13157690819175254042
7765705715194392410
9188312211630886262
5737754168159799580
4479729810818934263
14980037021412551639
822234135455664908
7270464938101273322
6365694214017658521
14532097348559370158
5952320234579092515
2469546129836625355
4935320432298330918
7748150878024769038
4935320432298330918
7748150878024769038
14980037021412551639
7765705715194392410
17593949954831149870
15231648765568106577
5737754168159799580
14532097348559370158
8061479136641751246
11016851214644420891
7274797018606440917
13202776738647107906
7748150878024769038
822234135455664908
14238046600043101838
7662636246402266344
3472436370362213951
8908741730749871084
11070112257975110164
9188312211630886262
8403585306428148079
4796133908291192231
13157690819175254042
17638876154670563575
11016851214644420891
5168614548281773098
10309183704297698918
17117320487113317910
8061479136641751246
2612478543098801352
8061479136641751246
14404456027977762601
9188312211630886262
9188312211630886262
17268139639168528891
3472436370362213951
14404456027977762601
5737754168159799580
8908741730749871084
7907671344969911053
9188312211630886262
8908741730749871084
11070112257975110164
2469546129836625355
10146666122533090402
7270464938101273322
14404456027977762601
16603321228247796951
9188312211630886262
4935320432298330918
4796133908291192231
17638876154670563575
5952320234579092515
2090502311894018406
14980037021412551639
7907671344969911053
10146666122533090402
9188312211630886262
4394822314070214256
7748150878024769038
14404456027977762601
7270464938101273322
7274797018606440917
8403585306428148079
9013665152719851731
10146666122533090402
14404456027977762601
5168614548281773098
11016851214644420891
4796133908291192231
14980037021412551639
17638876154670563575
9188312211630886262
2828402298912068195
9188312211630886262
14980037021412551639
14238046600043101838
9188312211630886262
6365694214017658521
8061479136641751246
8403585306428148079
2090502311894018406
5168614548281773098
9188312211630886262
2090502311894018406
7765705715194392410
2612478543098801352
14532097348559370158
15692152235342066804
4394822314070214256
8403585306428148079
8061479136641751246
17268139639168528891
3472436370362213951
8403585306428148079
7765705715194392410
3611517344401856963
2090502311894018406
5952320234579092515
2469546129836625355
14404456027977762601
4479729810818934263
2612478543098801352
5737754168159799580
10309183704297698918
14980037021412551639
14404456027977762601
10309183704297698918
5952320234579092515
4129472573236018767
9188312211630886262
17268139639168528891
9188312211630886262
9013665152719851731
13202776738647107906
8908741730749871084
1273626723914385826
2612478543098801352
2828402298912068195
10309183704297698918
7907671344969911053
4394822314070214256
4479729810818934263
7662636246402266344
7907671344969911053
4821002852096289822
4129472573236018767
6365694214017658521
11070112257975110164
2469546129836625355
4129472573236018767
2090502311894018406
11016851214644420891
14404456027977762601
7765705715194392410
4394822314070214256
5871151228138364405
13129067915326771952
7765705715194392410
8685459642781301326
14404456027977762601
3472436370362213951
7518757435493646986
8061479136641751246
7270464938101273322
2828402298912068195
8908741730749871084
5952320234579092515
2612478543098801352
14238046600043101838
9188312211630886262
7748150878024769038
14980037021412551639
11016851214644420891
7518757435493646986
5871151228138364405
7748150878024769038
6365694214017658521
4935320432298330918
14404456027977762601
7274797018606440917
7274797018606440917
4821002852096289822
5737754168159799580
10309183704297698918
11016851214644420891
7662636246402266344
7748150878024769038
7270464938101273322
15231648765568106577
6365694214017658521
14238046600043101838
1273626723914385826
7662636246402266344
1273626723914385826
822234135455664908
7748150878024769038
14980037021412551639
4821002852096289822
13202776738647107906
15231648765568106577
7274797018606440917
15231648765568106577
2090502311894018406
9188312211630886262
17593949954831149870
13129067915326771952
13129067915326771952
9188312211630886262
4821002852096289822
10146666122533090402
4821002852096289822
16603321228247796951
4394822314070214256
7270464938101273322
2469546129836625355
7274797018606440917
17593949954831149870
7518757435493646986
14532097348559370158
13129067915326771952
5737754168159799580
5737754168159799580
3611517344401856963
10309183704297698918
1273626723914385826
2469546129836625355
17593949954831149870
8908741730749871084
17268139639168528891
5737754168159799580
4796133908291192231
7748150878024769038
14980037021412551639
6365694214017658521
13157690819175254042
5952320234579092515
5168614548281773098
7748150878024769038
4821002852096289822
3611517344401856963
5952320234579092515
14404456027977762601
5737754168159799580
7765705715194392410
7907671344969911053
6365694214017658521
17593949954831149870
5952320234579092515
7765705715194392410
8403585306428148079
4821002852096289822
5737754168159799580
5871151228138364405
14404456027977762601
2469546129836625355
8908741730749871084
4129472573236018767
14532097348559370158
14404456027977762601
9188312211630886262
4821002852096289822
7274797018606440917
10146666122533090402
4129472573236018767
4821002852096289822
7270464938101273322
15692152235342066804
8403585306428148079
2469546129836625355
7662636246402266344
822234135455664908
11016851214644420891
13202776738647107906
17117320487113317910
14238046600043101838
7518757435493646986
7662636246402266344
8908741730749871084
8685459642781301326
4479729810818934263
4935320432298330918
13157690819175254042
4129472573236018767
822234135455664908
4821002852096289822
7274797018606440917
4935320432298330918
13157690819175254042
8685459642781301326
4479729810818934263
14980037021412551639
7662636246402266344
4479729810818934263
3472436370362213951
14238046600043101838
11070112257975110164
10309183704297698918
4821002852096289822
7662636246402266344
4129472573236018767
5952320234579092515
9188312211630886262
16603321228247796951
7518757435493646986
7662636246402266344
15692152235342066804
4796133908291192231
9188312211630886262
17268139639168528891
10146666122533090402
9188312211630886262
4129472573236018767
4796133908291192231
7748150878024769038
14980037021412551639
7274797018606440917
5952320234579092515
14404456027977762601
5168614548281773098
4935320432298330918
4129472573236018767
9013665152719851731
7274797018606440917
4935320432298330918
3611517344401856963
7765705715194392410
14404456027977762601
11070112257975110164
13157690819175254042
14980037021412551639
5168614548281773098
2090502311894018406
7518757435493646986
16603321228247796951
11016851214644420891
9188312211630886262
17268139639168528891
2469546129836625355
4935320432298330918
2090502311894018406
3472436370362213951
9188312211630886262
15692152235342066804
5737754168159799580
4394822314070214256
2612478543098801352
7748150878024769038
15231648765568106577
2469546129836625355
15231648765568106577
11070112257975110164
2090502311894018406
6365694214017658521
13129067915326771952
4821002852096289822
17117320487113317910
4935320432298330918
2469546129836625355
3472436370362213951
10309183704297698918
5871151228138364405
3472436370362213951
7270464938101273322
2612478543098801352
4394822314070214256
17268139639168528891
4796133908291192231
2090502311894018406
7662636246402266344
5737754168159799580
9013665152719851731
1273626723914385826
17638876154670563575
14238046600043101838
5168614548281773098
5737754168159799580
5168614548281773098
7274797018606440917
4935320432298330918
9188312211630886262
1273626723914385826
13157690819175254042
5737754168159799580
2469546129836625355
9013665152719851731
5952320234579092515
4129472573236018767
9013665152719851731
17268139639168528891
11016851214644420891
16603321228247796951
5871151228138364405
14532097348559370158
9188312211630886262
7270464938101273322
4129472573236018767
2469546129836625355
1273626723914385826
4935320432298330918
7662636246402266344
13157690819175254042
3611517344401856963
1273626723914385826
13202776738647107906
6365694214017658521
8403585306428148079
15231648765568106577
5168614548281773098
10146666122533090402
4129472573236018767
4129472573236018767
7748150878024769038
14532097348559370158
5168614548281773098
7662636246402266344
5737754168159799580
17593949954831149870
2469546129836625355
13157690819175254042
8403585306428148079
4129472573236018767
8685459642781301326
7274797018606440917
4796133908291192231
4129472573236018767
5168614548281773098
11070112257975110164
8908741730749871084
7662636246402266344
13202776738647107906
5737754168159799580
4394822314070214256
4394822314070214256
5168614548281773098
14404456027977762601
3611517344401856963
9188312211630886262
8908741730749871084
5168614548281773098
7274797018606440917
17117320487113317910
9188312211630886262
17638876154670563575
17638876154670563575
3611517344401856963
4935320432298330918
17593949954831149870
8061479136641751246
17638876154670563575
8685459642781301326
7518757435493646986
4394822314070214256
14404456027977762601
14238046600043101838
17268139639168528891
5168614548281773098
11070112257975110164
13157690819175254042
14404456027977762601
5737754168159799580
15692152235342066804
9188312211630886262
13202776738647107906
7748150878024769038
8685459642781301326
14238046600043101838
16603321228247796951
14980037021412551639
14532097348559370158
13202776738647107906
8403585306428148079
2090502311894018406
6365694214017658521
5952320234579092515
2828402298912068195
17638876154670563575
7662636246402266344
13202776738647107906
5168614548281773098
8908741730749871084
4129472573236018767
5952320234579092515
8908741730749871084
3611517344401856963
4796133908291192231
13129067915326771952
7270464938101273322
16603321228247796951
7907671344969911053
4821002852096289822
11070112257975110164
7270464938101273322
14404456027977762601
13129067915326771952
1273626723914385826
13129067915326771952
2828402298912068195
10146666122533090402
4129472573236018767
17268139639168528891
7765705715194392410
14532097348559370158
822234135455664908
2828402298912068195
10146666122533090402
7748150878024769038
5952320234579092515
17268139639168528891
4935320432298330918
13202776738647107906
5952320234579092515
11016851214644420891
11070112257975110164
1273626723914385826
7518757435493646986
8061479136641751246
14238046600043101838
8061479136641751246
4935320432298330918
14238046600043101838
5952320234579092515
2612478543098801352
4479729810818934263
14532097348559370158
9013665152719851731
14238046600043101838
7270464938101273322
10146666122533090402
7274797018606440917
15231648765568106577
8403585306428148079
11016851214644420891
3472436370362213951
2090502311894018406
4821002852096289822
15692152235342066804
9013665152719851731
1273626723914385826
7907671344969911053
11016851214644420891
8061479136641751246
822234135455664908
17638876154670563575
5168614548281773098
2612478543098801352
2612478543098801352
7765705715194392410
7748150878024769038
7270464938101273322
9013665152719851731
7518757435493646986
8403585306428148079
8908741730749871084
9188312211630886262
13157690819175254042
15692152235342066804
16603321228247796951
2090502311894018406
4935320432298330918
15231648765568106577
3611517344401856963
8908741730749871084
9188312211630886262
7662636246402266344
2828402298912068195
15692152235342066804
3611517344401856963
5737754168159799580
10309183704297698918
5737754168159799580
7270464938101273322
2612478543098801352
17593949954831149870
822234135455664908
16603321228247796951
6365694214017658521
17638876154670563575
4129472573236018767
1273626723914385826
4394822314070214256
15231648765568106577
11016851214644420891
8685459642781301326
14532097348559370158
13157690819175254042
13129067915326771952
4821002852096289822
14532097348559370158
9188312211630886262
17593949954831149870
7765705715194392410
10309183704297698918
5871151228138364405
10146666122533090402
8908741730749871084
13157690819175254042
17268139639168528891
10146666122533090402
8685459642781301326
7662636246402266344
4129472573236018767
11070112257975110164
15231648765568106577
17593949954831149870
7274797018606440917
17268139639168528891
11070112257975110164
17117320487113317910
9188312211630886262
7270464938101273322
15692152235342066804
10146666122533090402
822234135455664908
10146666122533090402
14404456027977762601
7748150878024769038
7765705715194392410
4796133908291192231
14404456027977762601
14980037021412551639
15692152235342066804
7907671344969911053
4796133908291192231
17117320487113317910
14980037021412551639
14532097348559370158
2090502311894018406
8685459642781301326
8061479136641751246
6365694214017658521
8908741730749871084
8403585306428148079
4129472573236018767
9013665152719851731
14238046600043101838
2828402298912068195
7662636246402266344
8061479136641751246
7662636246402266344
9188312211630886262
4796133908291192231
2090502311894018406
5168614548281773098
4394822314070214256
15231648765568106577
17593949954831149870
7518757435493646986
13202776738647107906
14980037021412551639
13202776738647107906
16603321228247796951
7270464938101273322
2090502311894018406
15231648765568106577
7518757435493646986
7748150878024769038
4394822314070214256
7907671344969911053
3611517344401856963
8908741730749871084
14238046600043101838
16603321228247796951
7274797018606440917
13202776738647107906
822234135455664908
4796133908291192231
9013665152719851731
7518757435493646986
11070112257975110164
17117320487113317910
15692152235342066804
7274797018606440917
13129067915326771952
17268139639168528891
5952320234579092515
7274797018606440917
3611517344401856963
6365694214017658521
11016851214644420891
3611517344401856963
4796133908291192231
14980037021412551639
10146666122533090402
10309183704297698918
7274797018606440917
16603321228247796951
3611517344401856963
7907671344969911053
17638876154670563575
10146666122533090402
17593949954831149870
2828402298912068195
5168614548281773098
14980037021412551639
7518757435493646986
4394822314070214256
17638876154670563575
6365694214017658521
4796133908291192231
13129067915326771952
4394822314070214256
2828402298912068195
15692152235342066804
4479729810818934263
11016851214644420891
16603321228247796951
1273626723914385826
14980037021412551639
17593949954831149870
3472436370362213951
7748150878024769038
7518757435493646986
822234135455664908
4129472573236018767
5952320234579092515
17268139639168528891
2469546129836625355
4821002852096289822
6365694214017658521
13157690819175254042
6365694214017658521
4935320432298330918
10146666122533090402
9013665152719851731
14980037021412551639
13129067915326771952
9188312211630886262
8685459642781301326
16603321228247796951
4935320432298330918
7270464938101273322
17638876154670563575
4796133908291192231
4394822314070214256
16603321228247796951
17593949954831149870
8061479136641751246
9013665152719851731
13202776738647107906
10309183704297698918
14238046600043101838
2612478543098801352
11016851214644420891
2612478543098801352
14404456027977762601
17638876154670563575
8685459642781301326
14238046600043101838
8908741730749871084
14404456027977762601
9188312211630886262
13202776738647107906
7765705715194392410
11070112257975110164
4394822314070214256
11016851214644420891
16603321228247796951
4821002852096289822
14532097348559370158
5168614548281773098
14532097348559370158
2090502311894018406
822234135455664908
5168614548281773098
4479729810818934263
17593949954831149870
9013665152719851731
10146666122533090402
13202776738647107906
4796133908291192231
14238046600043101838
7662636246402266344
822234135455664908
9188312211630886262
14532097348559370158
13129067915326771952
10309183704297698918
14404456027977762601
4129472573236018767
2612478543098801352
4935320432298330918
3472436370362213951
7274797018606440917
4129472573236018767
2612478543098801352
13157690819175254042
7662636246402266344
7748150878024769038
9188312211630886262
17268139639168528891
17638876154670563575
2090502311894018406
4479729810818934263
8685459642781301326
13202776738647107906
5168614548281773098
7662636246402266344
8908741730749871084
17593949954831149870
6365694214017658521
7765705715194392410
8908741730749871084
3611517344401856963
7270464938101273322
15231648765568106577
4129472573236018767
16603321228247796951
9188312211630886262
14980037021412551639
2828402298912068195
2090502311894018406
2612478543098801352
5168614548281773098
17268139639168528891
7270464938101273322
14238046600043101838
2828402298912068195
7748150878024769038
4129472573236018767
4821002852096289822
1273626723914385826
13202776738647107906
8685459642781301326
10146666122533090402
16603321228247796951
5737754168159799580
15692152235342066804
10146666122533090402
4796133908291192231
13202776738647107906
7765705715194392410
17268139639168528891
14238046600043101838
7518757435493646986
14532097348559370158
14404456027977762601
14532097348559370158
9188312211630886262
7662636246402266344
6365694214017658521
17638876154670563575
4129472573236018767
9013665152719851731
11070112257975110164
13202776738647107906
4821002852096289822
822234135455664908
8685459642781301326
7270464938101273322
6365694214017658521
8685459642781301326
4935320432298330918
13129067915326771952
4796133908291192231
5952320234579092515
11070112257975110164
6365694214017658521
7907671344969911053
7274797018606440917
7270464938101273322
16603321228247796951
7270464938101273322
10146666122533090402
7518757435493646986
11070112257975110164
4796133908291192231
2828402298912068195
10146666122533090402
8685459642781301326
10309183704297698918
5168614548281773098
14238046600043101838
16603321228247796951
5952320234579092515
14238046600043101838
17268139639168528891
2828402298912068195
14980037021412551639
11070112257975110164
17638876154670563575
17268139639168528891
14404456027977762601
17593949954831149870
11016851214644420891
822234135455664908
14238046600043101838
13157690819175254042
9013665152719851731
7765705715194392410
17117320487113317910
11016851214644420891
4394822314070214256
8403585306428148079
14532097348559370158
15692152235342066804
4394822314070214256
8403585306428148079
14532097348559370158
15692152235342066804
4394822314070214256
4821002852096289822
3611517344401856963
5737754168159799580
7518757435493646986
4821002852096289822
3611517344401856963
5737754168159799580
7518757435493646986
4821002852096289822
13129067915326771952
17117320487113317910
15231648765568106577
4129472573236018767
13129067915326771952
17117320487113317910
15231648765568106577
4129472573236018767
13129067915326771952
11016851214644420891
17593949954831149870
8685459642781301326
14980037021412551639
11016851214644420891
17593949954831149870
8685459642781301326
14980037021412551639
11016851214644420891
4394822314070214256
2469546129836625355
13202776738647107906
7270464938101273322
4394822314070214256
2469546129836625355
13202776738647107906
7270464938101273322
4394822314070214256
4821002852096289822
5952320234579092515
14532097348559370158
11070112257975110164
4821002852096289822
5952320234579092515
14532097348559370158
11070112257975110164
4821002852096289822
13129067915326771952
5737754168159799580
8908741730749871084
7748150878024769038
13129067915326771952
5737754168159799580
8908741730749871084
7748150878024769038
13129067915326771952
11016851214644420891
5952320234579092515
6365694214017658521
7765705715194392410
11016851214644420891
5952320234579092515
6365694214017658521
7765705715194392410
11016851214644420891
7765705715194392410
5168614548281773098
17268139639168528891
17268139639168528891
2469546129836625355
5871151228138364405
17268139639168528891
17268139639168528891
2469546129836625355
5871151228138364405
17268139639168528891
4935320432298330918
9188312211630886262
2612478543098801352
10146666122533090402
4935320432298330918
9188312211630886262
2612478543098801352
10146666122533090402
4935320432298330918
7765705715194392410
8908741730749871084
14238046600043101838
17117320487113317910
7765705715194392410
8908741730749871084
14238046600043101838
17117320487113317910
7765705715194392410
5168614548281773098
17268139639168528891
11016851214644420891
7270464938101273322
4479729810818934263
17268139639168528891
11016851214644420891
7270464938101273322
4479729810818934263
17268139639168528891
4935320432298330918
5737754168159799580
17268139639168528891
9013665152719851731
4935320432298330918
5737754168159799580
17268139639168528891
9013665152719851731
4935320432298330918
7765705715194392410
17593949954831149870
5737754168159799580
3472436370362213951
7765705715194392410
17593949954831149870
5737754168159799580
3472436370362213951
7765705715194392410
822234135455664908
14532097348559370158
17117320487113317910
2612478543098801352
13157690819175254042
14532097348559370158
17117320487113317910
2612478543098801352
13157690819175254042
14532097348559370158
7518757435493646986
9188312211630886262
5737754168159799580
8403585306428148079
7518757435493646986
9188312211630886262
5737754168159799580
8403585306428148079
7518757435493646986
13202776738647107906
2612478543098801352
9188312211630886262
14980037021412551639
13202776738647107906
2612478543098801352
9188312211630886262
14980037021412551639
13202776738647107906
822234135455664908
7748150878024769038
13129067915326771952
2090502311894018406
822234135455664908
7748150878024769038
13129067915326771952
2090502311894018406
822234135455664908
14532097348559370158
16603321228247796951
4129472573236018767
1273626723914385826
14532097348559370158
16603321228247796951
4129472573236018767
1273626723914385826
14532097348559370158
7518757435493646986
15692152235342066804
10146666122533090402
13129067915326771952
7518757435493646986
15692152235342066804
10146666122533090402
13129067915326771952
7518757435493646986
13202776738647107906
4129472573236018767
9013665152719851731
7907671344969911053
13202776738647107906
4129472573236018767
9013665152719851731
7907671344969911053
13202776738647107906
822234135455664908
4394822314070214256
5952320234579092515
3472436370362213951
822234135455664908
4394822314070214256
5952320234579092515
